Comparacoes: 10 | Tempo: 0.000000s
Comparacoes: 45 | Tempo: 0.002000s
Comparacoes: 45 | Tempo: 0.000000s
